num_samples,num_error_samples,total_latency(ms),seq_throughput(seq/sec),token_throughput(token/sec),avg_sequence_latency(ms),max_sequence_latency(ms),min_sequence_latency(ms),p99_sequence_latency(ms),p90_sequence_latency(ms),p50_sequence_latency(ms),avg_acceptance_rate(tokens/decoding steps),avg_time_to_first_token(ms),max_time_to_first_token(ms),min_time_to_first_token(ms),p99_time_to_first_token(ms),p90_time_to_first_token(ms),p50_time_to_first_token(ms),avg_inter_token_latency(ms),max_inter_token_latency(ms),min_inter_token_latency(ms),p99_inter_token_latency(ms),p90_inter_token_latency(ms),p50_inter_token_latency(ms),avg_user_tokens_per_second(tokens/sec/user),max_user_tokens_per_second(tokens/sec/user),min_user_tokens_per_second(tokens/sec/user),p99_user_tokens_per_second(tokens/sec/user),p90_user_tokens_per_second(tokens/sec/user),p50_user_tokens_per_second(tokens/sec/user),
6,0,71869.6,0.0834845,19.3684,23956.5,24087.5,23695.7,24087.5,24087.5,24086.3,1,710.924,842.851,448.422,842.851,842.851,841.499,100.63,100.638,100.626,100.638,100.638,100.627,9.93737,9.93778,9.93665,9.93778,9.93778,9.93769,
